20
239 304 287 272 21 277 275 295 264 80 302 299 101 280 244 138 284 292 290 186 
307
1
0 
1
1 
1
2 
1
3 
1
4 
1
5 
1
6 
2
7 6 
1
8 
1
9 
1
10 
1
11 
2
12 11 
1
13 
1
14 
1
15 
1
16 
1
17 
1
18 
2
19 18 
1
20 
26
21 211 256 274 251 74 70 69 273 261 241 75 249 206 77 76 210 209 208 207 263 205 262 71 72 73 
1
22 
1
23 
1
24 
1
25 
1
26 
1
27 
1
28 
1
29 
1
30 
1
31 
1
32 
1
33 
2
34 35 
1
35 
1
36 
1
37 
1
38 
5
39 40 42 41 43 
4
40 42 41 43 
1
41 
1
42 
1
43 
1
44 
1
45 
1
46 
2
47 48 
1
48 
4
49 47 48 46 
2
50 51 
1
51 
1
52 
1
53 
1
54 
2
55 56 
1
56 
1
57 
2
58 59 
1
59 
1
60 
1
61 
1
62 
1
63 
1
64 
1
65 
2
66 65 
1
67 
1
68 
2
69 273 
1
70 
3
71 72 73 
2
72 73 
1
73 
1
74 
1
75 
1
76 
2
77 76 
1
78 
3
79 120 119 
6
80 117 118 79 120 119 
4
81 116 82 115 
2
82 115 
6
83 114 81 116 82 115 
1
84 
1
85 
1
86 
1
87 
1
88 
1
89 
1
90 
1
91 
4
92 93 94 91 
1
93 
1
94 
5
95 92 93 94 91 
1
96 
1
97 
2
98 99 
1
99 
3
100 98 99 
5
101 97 100 98 99 
4
102 103 104 105 
2
103 104 
1
104 
1
105 
1
106 
1
107 
1
108 
1
109 
1
110 
1
111 
1
112 
4
113 84 112 85 
1
114 
1
115 
1
116 
1
117 
1
118 
1
119 
1
120 
3
121 265 267 
1
122 
2
123 124 
1
124 
1
125 
1
126 
1
127 
1
128 
2
129 128 
1
130 
2
131 130 
3
132 131 130 
9
133 134 135 245 129 128 270 136 269 
2
134 135 
1
135 
1
136 
1
137 
8
138 142 137 252 143 139 140 141 
3
139 140 141 
2
140 141 
1
141 
1
142 
1
143 
2
144 145 
1
145 
1
146 
1
147 
1
148 
4
149 148 150 147 
1
150 
1
151 
1
152 
1
153 
1
154 
1
155 
2
156 154 
1
157 
1
158 
1
159 
1
160 
1
161 
1
162 
1
163 
1
164 
1
165 
1
166 
1
167 
8
168 197 199 166 198 167 200 165 
2
169 196 
1
170 
1
171 
1
172 
1
173 
1
174 
1
175 
1
176 
2
177 178 
1
178 
4
179 177 178 176 
1
180 
1
181 
2
182 181 
4
183 180 182 181 
9
184 179 177 178 176 183 180 182 181 
1
185 
4
186 189 188 187 
1
187 
1
188 
1
189 
1
190 
1
191 
1
192 
1
193 
1
194 
5
195 170 169 196 171 
1
196 
1
197 
2
198 167 
4
199 166 198 167 
2
200 165 
2
201 164 
1
202 
1
203 
1
204 
1
205 
1
206 
1
207 
1
208 
3
209 208 207 
4
210 209 208 207 
5
211 256 274 251 74 
1
212 
1
213 
1
214 
1
215 
1
216 
1
217 
1
218 
1
219 
1
220 
2
221 220 
1
222 
1
223 
1
224 
1
225 
1
226 
1
227 
1
228 
1
229 
2
230 229 
1
231 
2
232 231 
5
233 234 235 232 231 
1
234 
1
235 
6
236 233 234 235 232 231 
1
237 
1
238 
6
239 240 0 1 2 238 
3
240 0 1 
1
241 
7
242 268 271 144 145 259 127 
2
243 153 
26
244 146 151 242 268 271 144 145 259 127 133 134 135 245 129 128 270 136 269 132 131 130 149 148 150 147 
3
245 129 128 
3
246 33 54 
12
247 27 62 26 28 255 64 25 63 24 66 65 
3
248 226 8 
2
249 206 
3
250 125 126 
2
251 74 
2
252 143 
2
253 152 
6
254 60 29 61 58 59 
7
255 64 25 63 24 66 65 
1
256 
3
257 212 213 
1
258 
2
259 127 
8
260 243 153 250 125 126 253 152 
11
261 241 75 249 206 77 76 210 209 208 207 
1
262 
3
263 205 262 
16
264 266 78 282 258 204 283 281 203 121 265 267 278 122 159 158 
1
265 
1
266 
1
267 
1
268 
1
269 
3
270 136 269 
3
271 144 145 
13
272 214 215 216 19 18 285 17 217 20 257 212 213 
1
273 
1
274 
29
275 32 31 30 276 57 55 56 246 33 54 254 60 29 61 58 59 247 27 62 26 28 255 64 25 63 24 66 65 
4
276 57 55 56 
5
277 67 23 68 22 
4
278 122 159 158 
1
279 
16
280 157 279 123 124 156 154 260 243 153 250 125 126 253 152 155 
1
281 
3
282 258 204 
6
283 281 203 121 265 267 
8
284 162 161 202 163 201 164 160 
3
285 17 217 
5
286 219 15 16 218 
31
287 222 13 14 221 220 286 219 15 16 218 223 12 11 289 10 9 288 224 225 248 226 8 305 5 306 228 227 7 6 4 
3
288 224 225 
17
289 10 9 288 224 225 248 226 8 305 5 306 228 227 7 6 4 
13
290 190 175 185 184 179 177 178 176 183 180 182 181 
5
291 192 174 191 173 
22
292 172 194 195 170 169 196 171 193 291 192 174 191 173 168 197 199 166 198 167 200 165 
1
293 
8
294 45 50 51 49 47 48 46 
26
295 36 37 297 53 34 35 38 296 44 298 52 293 294 45 50 51 49 47 48 46 39 40 42 41 43 
5
296 44 298 52 293 
1
297 
3
298 52 293 
12
299 102 103 104 105 90 96 95 92 93 94 91 
4
300 107 106 89 
10
301 109 110 87 108 88 300 107 106 89 
23
302 111 86 113 84 112 85 83 114 81 116 82 115 301 109 110 87 108 88 300 107 106 89 
9
303 230 229 236 233 234 235 232 231 
12
304 237 3 303 230 229 236 233 234 235 232 231 
8
305 5 306 228 227 7 6 4 
2
306 228 
