307
141 270
136 267
136 262
137 257
136 252
135 247
134 242
133 237
133 232
134 227
135 222
135 217
136 212
136 207
136 202
136 197
135 192
133 187
133 182
134 177
134 172
133 167
132 172
131 177
130 182
129 187
129 192
130 197
128 202
127 207
127 212
127 217
127 222
128 227
129 232
130 237
130 242
129 247
128 252
127 257
127 262
127 266
122 268
117 269
112 268
107 269
102 269
97 268
93 264
91 260
91 255
91 250
91 245
93 240
94 235
93 230
95 225
97 220
99 215
100 210
102 205
104 200
104 195
105 190
106 185
107 180
107 175
107 170
107 165
109 160
108 156
103 152
104 147
105 142
106 137
107 132
109 127
110 122
110 117
108 112
103 112
98 114
93 114
88 116
83 118
78 120
73 120
68 121
63 125
58 130
53 135
48 138
43 140
38 141
33 139
29 135
26 130
22 130
17 131
14 131
16 126
21 122
25 118
27 113
32 109
37 109
42 108
47 107
52 106
57 105
62 103
67 101
72 101
77 100
82 98
87 98
92 98
97 97
102 95
107 93
112 94
117 94
118 89
117 84
113 80
109 77
107 72
105 68
103 64
101 59
100 54
101 49
100 44
104 40
105 35
109 30
114 27
119 26
124 25
122 21
127 21
131 21
134 22
139 24
144 26
149 28
152 33
157 38
159 42
160 47
161 52
159 57
158 62
157 67
155 70
154 75
151 76
149 81
146 86
145 91
149 93
154 91
159 92
164 94
169 95
174 97
179 97
184 97
189 99
194 101
199 102
204 103
209 104
214 105
219 107
224 107
229 108
234 108
239 111
242 116
247 119
252 123
249 126
244 125
239 126
238 131
234 136
231 141
226 140
221 137
216 134
211 131
206 127
203 124
199 120
194 119
189 118
184 117
179 115
174 113
169 112
164 112
159 111
156 114
156 119
157 124
158 129
160 134
160 139
160 144
158 149
153 153
156 158
157 163
157 168
157 173
158 178
158 183
159 188
160 193
161 198
162 203
162 208
163 213
165 218
167 223
169 228
169 233
171 238
172 243
172 248
173 253
172 258
171 263
168 267
163 269
158 269
153 269
148 269
143 269
142 269
131.621 138.949
130.237 53.8475
140.73 64.8198
143.789 46.2111
116.02 49.0065
111.157 231.666
116.779 195.828
151.269 231.346
145.815 136.637
121.876 67.0932
118.981 146.325
130.611 38.6686
139.885 55.1251
114.312 208.346
117.747 184.295
140.499 148.73
143.423 160.604
135.66 119.013
121.112 57.349
131.019 63.6029
120.003 133.558
129.569 128.156
139.795 128.368
122.9 117.113
131.585 102.586
130.236 111.64
119.982 105.548
134.951 46.3695
124.934 46.1228
117.316 37.7916
140.844 36.0737
145.525 171.936
122.256 159.195
129.405 150.525
115.109 220.327
105.994 223.508
119.433 171.84
131.573 89.0134
130.637 76.3225
140.747 75.0145
143.801 108.275
145.829 118.268
140.516 99.3678
152.634 102.759
145.436 184.601
148.256 196.537
148.95 209.676
153.714 220.125
144.654 224.028
224.763 122.132
213.605 117.718
205.364 112.852
109.872 249.872
102.264 257.925
118.125 241.306
116.415 258.293
104.138 240.319
100.258 248.809
40.5491 124.24
51.975 118.699
60.8036 114.166
69.9874 110.632
154.1 250.9
147.231 258.663
145.979 242.094
159.282 240.168
307
138.681 269.699
140.161 268.457
144.311 264.973
154.672 256.276
154.938 249.139
153.083 244.197
151.391 239.142
150.837 237.377
149.395 232.793
149.376 229.282
149.336 224.112
149.246 218.452
149.202 215.621
149.053 206.51
148.953 201.098
148.788 194.84
148.377 188.686
148.163 185.422
147.686 183.804
146.423 180.707
139.209 162.927
139.145 138.208
124.003 159.784
117.419 172.756
116.949 180.476
116.687 187.727
116.907 193.128
117.041 195.242
116.351 197.925
114.794 203.982
113.384 210.394
112.393 216.356
111.198 223.97
110.143 231.355
109.258 238.984
109.083 240.713
108.885 242.584
108.666 245.693
108.417 249.906
115.436 259.081
119.663 262.038
128.608 268.296
119.771 262.114
114.746 258.598
107.561 254.3
105.913 255.205
100.612 259.82
97.5354 262.518
97.3084 262.717
99.1944 261.063
104.939 255.788
106.415 254.254
108.061 251.956
108.517 246.706
109.389 237.51
110.14 231.366
110.329 229.82
110.858 225.592
112.408 216.289
112.858 213.579
113.734 208.251
115.49 201.275
116.935 195.682
116.857 191.853
116.67 187.485
116.899 181.168
117.152 177.768
117.367 169.711
120.783 164.575
128.867 152.473
129.735 146.323
134.425 148.214
122.185 147.225
124.621 146.871
131.261 145.943
132.445 143.895
134.032 138.286
134.268 132.207
134.927 111.355
116.993 104.446
103.831 103.33
90.5326 104.899
88.3053 105.695
87.3531 106.027
79.5346 108.075
76.5766 108.751
73.4297 109.447
65.8149 111.942
54.0714 116.251
43.4078 120.318
37.0011 122.879
38.1404 129.235
38.4692 131.077
39.0344 134.244
38.6982 132.36
38.0615 128.793
35.1067 122.443
22.5597 127.349
14.6445 130.445
13.6056 130.851
16.1502 129.856
20.1039 129.442
36.2522 122.119
35.8875 121.931
35.7777 121.872
36.4855 122.256
40.5899 121.05
46.3213 119.117
52.914 116.684
60.4587 113.878
66.8745 111.571
70.5572 110.227
74.0856 109.32
76.663 108.731
84.0423 107.183
86.9508 106.18
91.4432 104.572
97.3582 102.485
103.534 102.056
109.996 103.202
122.601 105.439
134.586 107.993
134.044 92.2693
132.044 59.0893
131.538 52.8413
130.776 49.5752
130.27 48.624
129.509 47.1815
127.351 46.9569
126.347 46.8037
122.984 46.6793
122.236 46.6816
119.669 46.6933
127.134 46.6343
126.153 46.6053
126.187 46.5848
127.543 46.5908
128.32 44.1389
127.376 46.3318
126.457 23.2426
128.044 34.9068
128.11 35.3957
128.903 40.9246
128.797 44.3194
129.442 46.658
129.402 46.5643
130.442 47.4929
140.515 47.3502
143.296 47.2297
141.358 47.3132
141.346 47.3125
133.723 47.6343
131.503 51.0792
132.19 55.3996
132.5 56.7907
129.048 54.8272
132.277 56.5832
132.255 60.0411
133.263 78.197
134.49 100.288
142.193 104.949
153.031 102.719
156.042 102.096
161.196 101.029
167.429 100.276
173.843 102.614
179.273 104.647
182 105.676
177.94 104.127
190.408 108.517
196.32 110.464
201.443 112.176
205.945 113.685
211.04 115.472
218.791 118.186
225.236 120.442
229.805 121.19
232.33 121.439
232.679 121.473
231.33 121.34
245.092 122.751
251.465 124.327
250.754 124.151
247.511 123.408
239.347 122.366
226.82 123.301
229.925 133.974
230.048 142.789
228.815 135.345
227.328 126.366
226.504 121.384
220.656 118.838
214.819 116.794
211.039 115.471
202.408 112.499
197.243 110.781
190.115 108.421
186.558 107.258
182.394 105.82
180.455 105.091
172.668 102.176
166.276 100.295
152.119 102.905
136.367 106.32
134.733 119.967
134.281 132.32
135.497 140.298
141.799 139.072
143.115 138.816
142.43 138.949
140.529 139.314
131.952 145.258
136.86 157.105
139.346 163.263
141.286 168.085
143.258 172.944
145.543 178.548
147.96 184.289
148.462 189.972
148.78 194.766
148.915 199.041
148.953 201.09
149.087 208.224
149.21 216.141
149.33 223.883
149.417 229.465
149.595 233.574
151.222 238.624
153.48 245.229
155.148 248.838
156.103 250.954
159.89 256.972
160.747 258.2
161.86 259.793
164.229 263.166
162.277 260.397
161.033 258.61
158.488 255.851
151.696 258.774
149.603 260.617
139.597 268.93
133.887 141.783
129.826 47.2823
131.995 54.5129
133.419 46.4921
126.733 46.7407
109.669 235.115
116.825 188.743
149.465 233.076
135.121 140.371
130.671 49.3891
131.602 145.875
128.784 44.8835
131.4 50.0798
113.648 209.96
117.003 181.365
132.261 144.055
137.597 158.924
134.811 118.293
129.761 47.2786
131.323 50.6868
137.368 138.096
134.306 131.225
134.293 131.661
132.015 96.5386
134.9 107.836
134.842 111.498
134.263 108.008
130.047 47.3824
128.761 46.5462
128.213 46.5795
129.51 46.8285
142.425 167.719
130.087 150.646
132.251 144.919
115.494 202.484
110.485 228.574
120.484 168.673
133.754 87.0379
132.394 62.5545
130.285 38.4839
134.901 106.692
134.783 118.809
135.101 107.218
154.055 103.961
148.052 184.721
148.526 190.936
148.885 223.971
149.366 226.216
151.308 237.043
229.01 125.373
214.977 116.85
191.395 111.291
108.354 251.053
102.265 258.315
108.045 256.117
108.03 252.91
108.754 244.024
108.191 251.668
35.3227 126.186
43.5319 120.165
49.9961 117.771
71.3825 112.28
158.421 254.717
151.648 257.208
153.201 244.231
153.176 244.512
677
0 0
0 0
0 0
0 0
239 304
0 0
0 0
304 287
0 0
0 0
0 0
0 0
0 0
0 0
0 0
0 0
0 0
0 0
0 0
0 0
0 0
0 0
0 0
0 0
0 0
0 0
0 0
0 0
0 0
0 0
0 0
0 0
0 0
0 0
0 0
0 0
0 0
0 0
287 272
0 0
0 0
0 0
0 0
0 0
0 0
0 0
0 0
0 0
272 21
0 0
21 277
0 0
0 0
0 0
0 0
0 0
0 0
0 0
277 275
0 0
0 0
0 0
0 0
0 0
0 0
0 0
0 0
0 0
0 0
0 0
0 0
0 0
0 0
0 0
0 0
0 0
0 0
0 0
0 0
0 0
0 0
0 0
275 295
0 0
0 0
0 0
0 0
0 0
0 0
0 0
0 0
0 0
0 0
0 0
0 0
0 0
0 0
0 0
0 0
0 0
0 0
0 0
0 0
0 0
0 0
0 0
0 0
0 0
0 0
0 0
0 0
0 0
0 0
0 0
0 0
0 0
0 0
0 0
0 0
0 0
0 0
0 0
0 0
0 0
0 0
0 0
0 0
0 0
0 0
0 0
0 0
0 0
0 0
0 0
0 0
0 0
0 0
0 0
0 0
0 0
0 0
0 0
0 0
0 0
0 0
0 0
0 0
0 0
0 0
0 0
0 0
0 0
0 0
0 0
0 0
0 0
0 0
0 0
0 0
0 0
0 0
0 0
0 0
0 0
0 0
0 0
0 0
0 0
0 0
0 0
0 0
0 0
0 0
0 0
0 0
0 0
0 0
0 0
0 0
0 0
0 0
0 0
0 0
0 0
0 0
21 264
0 0
0 0
264 80
0 0
0 0
0 0
0 0
0 0
0 0
80 302
0 0
0 0
0 0
0 0
0 0
0 0
0 0
0 0
0 0
0 0
0 0
0 0
0 0
0 0
0 0
0 0
0 0
0 0
0 0
0 0
0 0
0 0
0 0
0 0
0 0
302 299
0 0
0 0
0 0
0 0
0 0
0 0
0 0
0 0
0 0
0 0
0 0
0 0
0 0
0 0
299 101
0 0
0 0
0 0
0 0
0 0
0 0
0 0
0 0
0 0
0 0
0 0
0 0
0 0
0 0
0 0
0 0
0 0
0 0
0 0
0 0
0 0
0 0
0 0
0 0
0 0
0 0
0 0
0 0
0 0
0 0
0 0
0 0
0 0
0 0
0 0
0 0
0 0
0 0
0 0
0 0
0 0
0 0
0 0
0 0
0 0
0 0
0 0
0 0
0 0
0 0
0 0
264 280
0 0
0 0
0 0
0 0
0 0
0 0
0 0
0 0
0 0
280 244
0 0
0 0
0 0
0 0
0 0
0 0
0 0
0 0
